Igor: 25.071836
awd: 16.305983
aw: 13.845210
www: 29.651094
IIII: 24.967619
awdwa: 24.310966
igor: 15.967
bruno: 35.240
