Igor: 25.071836
awd: 16.305983
aw: 13.845210
www: 29.651094
IIII: 24.967619
awdwa: 24.310966
igor: 15.967
bruno: 35.240
igor: 13.299
Igoraa: 42.670
adw: 18.178
aaa: 61.430
aaaa: 16.685
qqqq: 17.395
1awd: 22.666
aaaa: 37.088
asd: 9.604
111: 68.400
aaa: 33.787
aaa: 13.846
aaa: 25.908
