oi: 52.188751
ee: 22.898378
aa: 43.884621
